%YAML:1.0
---
camK: !!opencv-matrix
   rows: 3
   cols: 3
   dt: d
   data: [ 9.1326000384353426e+02, 0., 3.3450288447372714e+02, 0.,
       9.0057359871750077e+02, 1.4635691830302173e+02, 0., 0., 1. ]
camKc: !!opencv-matrix
   rows: 1
   cols: 4
   dt: d
   data: [ 1.7497810126876087e-01, -1.0919023366276373e-01,
       -4.6899210536382324e-02, -3.2288440728915624e-02 ]
prjK: !!opencv-matrix
   rows: 3
   cols: 3
   dt: d
   data: [ 1.6904130039220104e+03, 0., 2.2948944985885083e+02, 0.,
       1.6643880670756073e+03, 3.0707298871171133e+02, 0., 0., 1. ]
prjKc: !!opencv-matrix
   rows: 1
   cols: 4
   dt: d
   data: [ 1.9016588803492751e-01, -5.4286524900327808e-02,
       -5.5399454082114233e-02, -4.4536948393902834e-02 ]
R: !!opencv-matrix
   rows: 3
   cols: 3
   dt: d
   data: [ 9.9938011068977406e-01, 2.8686548679594383e-02,
       2.0407750550910663e-02, -2.9022435073787604e-02,
       9.9944491157657200e-01, 1.6357474930008577e-02,
       -1.9927182943976694e-02, -1.6939617721523050e-02,
       9.9965791985627062e-01 ]
T: !!opencv-matrix
   rows: 3
   cols: 1
   dt: d
   data: [ -5.5835461649507437e+01, -7.7667197660701760e+01,
       8.7696991642091415e+00 ]
E: !!opencv-matrix
   rows: 3
   cols: 3
   dt: d
   data: [ 1.8022064811407132e+00, -7.4491785678518871e+00,
       -7.7784079388785202e+01, 7.6516194623922207e+00,
       -6.9425897366793210e-01, 5.5995331279710882e+01,
       7.9239533655654483e+01, -5.3576464184627639e+01,
       6.7168563171059836e-01 ]
F: !!opencv-matrix
   rows: 3
   cols: 3
   dt: d
   data: [ 1.1673935354461672e-06, -4.8932381056232109e-06,
       -4.5689174580999851e-02, 5.0338970749302763e-06,
       -4.6317775938798807e-07, 3.2027130566995334e-02,
       8.4951901385969461e-02, -5.8226312925715569e-02,
       -1.8994143247144969e+01 ]
modelPts:
   - !!opencv-matrix
      rows: 70
      cols: 3
      dt: d
      data: [ -8.4604071721946781e+01, -5.9253092430409332e+01,
          -2.5638505078907964e-01, -8.3997919008413263e+01,
          -8.4999694780344697e+01, -3.4904875481169459e+00,
          -8.5039392770234997e+01, -4.6141607672320241e+01,
          -1.6504740937779035e-02, -9.1642691414437181e+01,
          1.5473981663599238e+02, -5.7678517846344557e-01,
          -1.4005283001754393e+01, -7.2481796781578765e+01,
          -4.5946269742330258e-02, -1.3683439717242758e+01,
          -8.5405414241886760e+01, -8.9969049616246161e-02,
          -1.4745781367031565e+01, -4.6703485251155165e+01,
          4.7053678196372635e-02, -1.4280582746873806e+01,
          -5.9509146883512337e+01, -1.0079205571776132e-02,
          -2.0306497001621921e+01, 2.3494943851939212e+02,
          3.9076907610918719e-02, 3.1224689944702533e+00,
          -5.9806463215150984e+01, 1.4429653445252049e-02,
          3.8250703899903593e+00, -8.5664594807929078e+01,
          -1.3097379657208332e-02, 2.8754297641741307e+00,
          -4.6574152167841191e+01, -2.4042525081437741e-02,
          2.0302972762587693e+01, -4.6899478633819868e+01,
          6.5694737280066837e-03, 2.0896125182235568e+01,
          -7.2840728861177880e+01, -1.2548911352630660e-02,
          1.5901814318025874e+01, 2.4740790199809121e+02,
          1.3921896405707196e-01, 1.6063096332104376e+01,
          2.3390263249113335e+02, 1.0369026814906608e-01,
          3.8040692648793595e+01, -6.0008338510715184e+01,
          -1.7254377043248538e-02, 3.8608076254160544e+01,
          -7.2937190872878176e+01, 2.7025566082929345e-02,
          3.8771349949812063e+01, -8.5809435649231972e+01,
          -1.5785172872440109e-03, 5.5246422839776415e+01,
          -4.7182478707030036e+01, -2.5386097853175089e-02,
          5.6213840201799513e+01, -8.6126869272900237e+01,
          6.0403181562207045e-02, 5.2134812456653464e+01,
          2.3287146746545775e+02, -4.0983319727748643e-02,
          7.3385606613294414e+01, -8.6031424631569507e+01,
          -2.7249397889515931e-02, 7.3039315133351053e+01,
          -6.0305754449900164e+01, -1.6042943222215906e-02,
          7.3324910048260080e+01, -7.3416473363321273e+01,
          5.4567531577436747e-02, 7.0337105096137833e+01,
          2.3197187021196825e+02, 7.9005159018121995e-02,
          9.0242157937544832e+01, -4.7571809894616777e+01,
          -2.7714986581451877e-02, 9.0481375483553194e+01,
          -6.0707313561767648e+01, 4.5734007232021097e-02,
          8.8246000255993366e+01, 2.3157082009534750e+02,
          -1.0955402306549278e-01, 8.8508647137547882e+01,
          2.4480926621610374e+02, 8.6080957978296360e-02,
          1.0767334320260525e+02, -4.8008914429219629e+01,
          3.3616213993821115e-02, 1.0783503277100452e+02,
          -6.0699071150138025e+01, -2.5441244177342302e-02,
          1.2497521674843564e+02, -6.1128222455981408e+01,
          1.9134460090852113e-02, 1.2506402409947013e+02,
          -8.6709948746181340e+01, 1.6163073868481190e-02,
          1.2500128361806590e+02, -4.8055465785761363e+01,
          -4.1982811675883608e-02, 1.2412008538352489e+02,
          2.3001998131586561e+02, -1.3176494210667855e-01,
          1.4242470443458316e+02, -8.6895826151088883e+01,
          1.6626037115524614e-02, 1.4229249278638525e+02,
          -4.8517462952741944e+01, 2.2452105461537739e-02,
          1.4206006036793735e+02, 2.2891400833623271e+02,
          1.2160463779739901e-02, 1.5934529996363133e+02,
          -4.8600173424383016e+01, -7.3841308238739314e-02,
          1.5920400434447910e+02, -6.1624818650564286e+01,
          6.8287119620000641e-03, 1.5930944760991909e+02,
          -8.7096318752714794e+01, 1.3420419164223719e-02,
          1.5943197200327918e+02, 1.2146356626138879e+02,
          1.1505945138637522e-02, 1.5963463734084957e+02,
          2.4138728656442234e+02, 8.5442778359414814e-02,
          1.5968991977545261e+02, 2.2825760629674235e+02,
          -1.0711712989861875e-01, 1.5961850622107227e+02,
          1.7458329494658452e+02, -3.3084510157089240e-04,
          1.7649145656413523e+02, -4.9109977545512514e+01,
          -9.1358571375227057e-03, 1.7633043757077732e+02,
          -8.7470449751064223e+01, 7.9751678256071212e-02,
          1.7704536823966657e+02, 1.4729607433095097e+02,
          -1.3278851597871430e-01, 1.9353598798920552e+02,
          -4.9432498376557199e+01, -1.1654721668542199e-02,
          1.9328352433913867e+02, -7.5057622837317240e+01,
          8.1722910055343545e-02, 1.9461861993733638e+02,
          1.5981175677379957e+02, -1.8048012789697926e-01,
          1.9456651885890065e+02, 1.4630814843004208e+02,
          -1.8986593812484312e-02, 1.9449373692287907e+02,
          1.3317427350172508e+02, -6.3247324895431391e-03,
          1.9445184254674490e+02, 1.2002480861739095e+02,
          3.2075700388773228e-02, 1.9508412887190568e+02,
          2.2595852487588792e+02, 1.6224468390477506e-01,
          2.1028412458237685e+02, -4.9774507168278582e+01,
          9.9611611373653288e-03, 2.1023395880137210e+02,
          -6.2666739005964686e+01, 8.6183139027446967e-02,
          2.1015568856632157e+02, -7.5159498222665988e+01,
          1.6280081971863217e-02, 2.1012815863878373e+02,
          -8.7939192846903509e+01, 8.3956730879240701e-02,
          2.1211156480584094e+02, 1.7222882146388829e+02,
          -1.5719232050459511e-01, 2.1209664350529127e+02,
          1.5872041610457779e+02, -3.3696394574772560e-02,
          2.1201240878718656e+02, 1.4566401745484913e+02,
          -1.3405722936415468e-01, 2.1261940583662465e+02,
          2.3827492159768755e+02, 3.0094647340595741e-02,
          2.1251856732833443e+02, 2.2500322460003841e+02,
          1.0969381242814656e-01, 2.2718891127470914e+02,
          -5.0301398967018720e+01, 7.8242235436904645e-02,
          2.2945100479012751e+02, 1.7097168121979541e+02,
          6.8609143374438325e-02, 2.2944872563880088e+02,
          1.5800599377809456e+02, -9.7302506921965112e-02,
          2.3053725940560642e+02, 2.3846901913561970e+02,
          -2.8526188296479456e+00, 2.3011206121218513e+02,
