%YAML:1.0
---
cam_K: !!opencv-matrix
   rows: 3
   cols: 3
   dt: d
   data: [ 6.2259586095710017e+02, 0., 3.2006568026075496e+02, 0.,
       6.2391438255655373e+02, 2.5211022035732074e+02, 0., 0., 1. ]
cam_kc: !!opencv-matrix
   rows: 1
   cols: 5
   dt: d
   data: [ 1.0274977110917927e-01, -5.0381275441722084e-01,
       3.2325236672549953e-03, -1.3903436140281770e-04, 0. ]
proj_K: !!opencv-matrix
   rows: 3
   cols: 3
   dt: d
   data: [ 1.3366904694567932e+03, 0., 3.6252149103490302e+02, 0.,
       1.3335504787221853e+03, 5.7348410001733419e+02, 0., 0., 1. ]
proj_kc: !!opencv-matrix
   rows: 1
   cols: 5
   dt: d
   data: [ -8.8902131169824636e-02, 2.9606895979509257e-01,
       8.6239741640977807e-04, -2.8389943930337783e-03, 0. ]
R: !!opencv-matrix
   rows: 3
   cols: 3
   dt: d
   data: [ 9.3260517077304816e-01, 1.0368239390192886e-02,
       3.6074935212598996e-01, -4.2591300825427045e-02,
       9.9576391519671970e-01, 8.1487460913309565e-02,
       -3.5837630577560758e-01, -9.1360411579895093e-02,
       9.2909617298457348e-01 ]
T: !!opencv-matrix
   rows: 3
   cols: 1
   dt: d
   data: [ -3.6665387313884020e+02, -4.1407864133947118e+02,
       1.2277942091149466e+03 ]
E: !!opencv-matrix
   rows: 3
   cols: 3
   dt: d
   data: [ 2.0068932629595443e+02, -1.1847627736249415e+03,
       -4.8476871360799652e+02, 1.0136471675119885e+03,
       -2.0767584475330771e+01, 7.8358267582552696e+02,
       4.0178814742953358e+02, -3.6080742975899943e+02,
       1.1950090843630959e+02 ]
F: !!opencv-matrix
   rows: 3
   cols: 3
   dt: d
   data: [ -8.5731159832972334e-06, 5.0504148805546881e-05,
       2.9043853384713857e-03, -4.3403287665586878e-05,
       8.8736650948118451e-07, -7.2212548960098825e-03,
       5.0564466481254951e-03, 1.7412697627828297e-03, 1. ]
cam_error: 1.2356482534926654e-01
proj_error: 1.0246643274695419e-01
stereo_error: 5.3564000929638977e-01
