%YAML:1.0
---
camK: !!opencv-matrix
   rows: 3
   cols: 3
   dt: d
   data: [ 6.2564839371505070e+02, 0., 3.1790674230909713e+02, 0.,
       6.2604261254735241e+02, 2.4141979120219403e+02, 0., 0., 1. ]
camKc: !!opencv-matrix
   rows: 1
   cols: 4
   dt: d
   data: [ 1.1325595018143919e-01, -5.4126364350967160e-01,
       8.9876892299776430e-05, 1.1424205479726611e-03 ]
prjK: !!opencv-matrix
   rows: 3
   cols: 3
   dt: d
   data: [ 1.3778908651955514e+03, 0., 3.5121955886010664e+02, 0.,
       1.3720849584279981e+03, 5.5476959823121729e+02, 0., 0., 1. ]
prjKc: !!opencv-matrix
   rows: 1
   cols: 4
   dt: d
   data: [ -3.6257444782164201e-02, 3.8459128876157156e-02,
       -3.5028955716335870e-03, -5.4930724112447326e-03 ]
R: !!opencv-matrix
   rows: 3
   cols: 3
   dt: d
   data: [ 9.4060911923535417e-01, 4.2450904876466224e-02,
       3.3682696668535989e-01, -1.0998580562205464e-02,
       9.9544100287354331e-01, -9.4743026253814588e-02,
       -3.3931330070733740e-01, 8.5411535949680373e-02,
       9.3678778466086365e-01 ]
T: !!opencv-matrix
   rows: 3
   cols: 1
   dt: d
   data: [ -3.8478673409839286e+02, -2.9891939420098225e+02,
       1.4223113798055015e+03 ]
E: !!opencv-matrix
   rows: 3
   cols: 3
   dt: d
   data: [ 1.1707073258710544e+02, -1.4413582308958955e+03,
       -1.4526995268769369e+02, 1.2072757974219517e+03,
       9.3243631061243747e+01, 8.3953633994487814e+02,
       2.8539841599600067e+02, -3.7034309371438280e+02,
       1.3713997248294581e+02 ]
F: !!opencv-matrix
   rows: 3
   cols: 3
   dt: d
   data: [ -4.3213045443447178e-06, 5.3169785659023996e-05,
       -8.1076200987161232e-03, -4.4751423071247996e-05,
       -3.4541880071938525e-06, -4.4095015225151177e-03,
       1.1828925005531447e-02, 2.0660156399961334e-03, 1. ]
camRvecs:
   - !!opencv-matrix
      rows: 3
      cols: 1
      dt: d
      data: [ 2.0696621258905505e+00, -2.0261848958694197e+00,
          6.8943613521076974e-01 ]
   - !!opencv-matrix
      rows: 3
      cols: 1
      dt: d
      data: [ 1.9379312509639052e-02, 2.5149427872828265e+00,
          -5.7418243233738442e-01 ]
   - !!opencv-matrix
      rows: 3
      cols: 1
      dt: d
      data: [ 2.4371515524897251e+00, 1.7109446221698168e+00,
          -1.0166718809038978e-01 ]
   - !!opencv-matrix
      rows: 3
      cols: 1
      dt: d
      data: [ -2.0944698459520126e+00, 2.0993621656828263e+00,
          -8.3236759409876293e-01 ]
   - !!opencv-matrix
      rows: 3
      cols: 1
      dt: d
      data: [ 2.9469289727028567e+00, 5.4324174789731804e-02,
          -2.9317407158503811e-01 ]
   - !!opencv-matrix
      rows: 3
      cols: 1
      dt: d
      data: [ 2.6250532115675296e-01, 2.4678856124708872e+00,
          -6.9323479530312782e-01 ]
   - !!opencv-matrix
      rows: 3
      cols: 1
      dt: d
      data: [ -2.1967026228065025e+00, 2.1534909621131519e+00,
          -2.3896095590538857e-01 ]
   - !!opencv-matrix
      rows: 3
      cols: 1
      dt: d
      data: [ 1.3908261777153896e-01, -2.6494284515054614e+00,
          2.8593861001034931e-01 ]
   - !!opencv-matrix
      rows: 3
      cols: 1
      dt: d
      data: [ 7.1228685716676376e-01, 2.7288318764560877e+00,
          -3.1684647464715926e-01 ]
   - !!opencv-matrix
      rows: 3
      cols: 1
      dt: d
      data: [ -2.1664183280145206e+00, 2.1638670495135188e+00,
          -4.5367983561968556e-01 ]
camTvecs:
   - !!opencv-matrix
      rows: 3
      cols: 1
      dt: d
      data: [ 3.0892835786476576e+02, 1.8383151858883247e+02,
          7.8068140566937313e+02 ]
   - !!opencv-matrix
      rows: 3
      cols: 1
      dt: d
      data: [ -3.7176535725690428e+01, -1.6689298737781940e+02,
          9.7435344672523104e+02 ]
   - !!opencv-matrix
      rows: 3
      cols: 1
      dt: d
      data: [ 2.2122972967936428e+02, -2.5106676942826644e+02,
          1.0611680410568515e+03 ]
   - !!opencv-matrix
      rows: 3
      cols: 1
      dt: d
      data: [ 1.9703237804727303e+02, 1.3319314788177397e+02,
          7.1563713716831649e+02 ]
   - !!opencv-matrix
      rows: 3
      cols: 1
      dt: d
      data: [ 2.3495805011030302e+02, 9.8549713081351086e+01,
          1.0595316846275591e+03 ]
   - !!opencv-matrix
      rows: 3
      cols: 1
      dt: d
      data: [ -1.0681535422270017e+02, -2.7876863233079490e+02,
          9.8908931710207037e+02 ]
   - !!opencv-matrix
      rows: 3
      cols: 1
      dt: d
      data: [ -4.3995680832946839e+01, 1.9058686229756427e+02,
          7.0561650150874698e+02 ]
   - !!opencv-matrix
      rows: 3
      cols: 1
      dt: d
      data: [ 2.9141249880231686e+02, -8.3683431810204311e+01,
          6.4919564383190266e+02 ]
   - !!opencv-matrix
      rows: 3
      cols: 1
      dt: d
      data: [ 1.0502180770615344e+02, -1.5627881870792211e+02,
          1.0905860955906994e+03 ]
   - !!opencv-matrix
      rows: 3
      cols: 1
      dt: d
      data: [ 1.6712437122381064e+02, -1.2806198278381606e+02,
          9.1849077176988339e+02 ]
prjRvecs:
   - !!opencv-matrix
      rows: 3
      cols: 1
      dt: d
      data: [ 2.0345600839678784e+00, -1.9108333023062121e+00,
          1.8923483374071212e-01 ]
   - !!opencv-matrix
      rows: 3
      cols: 1
      dt: d
      data: [ -1.5876683288667450e-02, 2.8741895646008504e+00,
          -4.9586797162331314e-01 ]
   - !!opencv-matrix
      rows: 3
      cols: 1
      dt: d
      data: [ -2.4355129603002084e+00, -1.7132519794818200e+00,
          4.3471419550947527e-01 ]
   - !!opencv-matrix
      rows: 3
      cols: 1
      dt: d
      data: [ 2.1407089483629043e+00, -2.1189417986952552e+00,
          3.4907630465341133e-01 ]
   - !!opencv-matrix
      rows: 3
      cols: 1
      dt: d
      data: [ 2.9482608389438969e+00, 7.6508144393455602e-02,
          -8.1882295898798252e-01 ]
   - !!opencv-matrix
      rows: 3
      cols: 1
      dt: d
      data: [ 2.2629074860596624e-01, 2.8353253381359207e+00,
          -6.7744119120120772e-01 ]
   - !!opencv-matrix
      rows: 3
      cols: 1
      dt: d
      data: [ 2.1243251399296694e+00, -2.1271229005537462e+00,
          -2.5761743939718162e-01 ]
   - !!opencv-matrix
      rows: 3
      cols: 1
      dt: d
      data: [ 1.6374993512350844e-01, -2.3187759930250280e+00,
          1.1924103750877042e-01 ]
   - !!opencv-matrix
      rows: 3
      cols: 1
      dt: d
      data: [ -7.5297094173314860e-01, -2.9733472070214089e+00,
          3.4351442985589659e-01 ]
   - !!opencv-matrix
      rows: 3
      cols: 1
      dt: d
      data: [ 2.1260275598829526e+00, -2.1310613207629947e+00,
          -6.5545416550896018e-02 ]
